-87,39 -12,38 -88,93 -6,05 73,40 -35,01 -56,16 42,12 -99,55 53,52 -5,12 -70,45 -68,40 16,90 -61,19 -71,58 7,56 -33,54 7,62 55,70
-48,09 59,51 -91,36 -71,55 47,46 -0,57 -5,72 -73,92 8,37 18,60 92,92 79,03 28,00 -14,89 -15,29 -2,07 -15,83 35,34 -70,43 55,84
-86,13 -18,24 55,57 -77,51 -5,61 -2,62 68,96 47,36 -24,51 65,83 -71,72 55,82 80,31 -84,11 24,73 -69,50 -22,47 10,35 43,42 43,48
-75,65 -26,89 -47,29 -3,93 -12,94 -99,92 -87,51 -98,39 22,97 44,00 -3,09 -5,37 45,88 -40,78 -40,25 48,13 -72,62 84,10 49,54 70,17
-65,25 -92,37 33,10 -40,81 39,64 45,73 -11,94 89,37 -46,13 73,43 88,41 41,33 -3,46 85,82 52,91 -27,41 -72,48 -31,89 -97,77 14,01
2,23 2,99 -72,07 -7,00 15,44 57,75 15,24 -98,13 73,88 66,98 29,45 4,36 98,12 54,26 52,20 11,56 64,37 -35,91 58,35 14,39
-84,66 -33,08 -69,47 -46,32 -20,73 -42,17 -19,94 -66,76 23,69 83,48 76,27 83,90 87,31 -42,00 -91,84 61,46 -98,19 -10,77 -55,18 -11,78
22,13 74,65 60,43 -64,11 -6,15 81,22 -70,96 42,83 -75,85 -97,70 -15,50 -23,66 58,97 -49,10 58,33 11,22 -83,72 86,01 -37,70 -16,54
-77,24 34,89 -0,76 -2,41 88,18 40,32 36,48 -97,98 29,57 48,19 95,82 -34,66 -26,43 -56,25 -31,46 11,96 -48,57 53,53 62,28 3,19
-11,51 -52,13 77,07 -90,72 71,63 34,85 -26,97 -16,22 -23,27 46,35 -14,99 81,06 -35,62 -90,33 -55,00 -61,68 -95,80 19,99 23,86 -47,35
44,29 16,09 47,53 13,06 -26,80 77,51 -41,81 10,05 1,78 97,57 12,44 -31,50 0,37 -74,48 92,78 35,60 -94,62 90,13 7,92 74,26
66,66 -59,85 -30,26 -85,65 12,97 74,85 -32,74 -80,18 -62,13 64,52 60,58 80,49 -2,65 -19,09 62,63 -13,56 84,79 8,45 20,01 -7,61
63,41 33,83 90,53 70,89 63,00 -76,84 -93,12 7,60 39,00 -15,86 -49,55 -60,73 -92,23 76,27 48,70 34,38 31,98 -84,50 -63,04 -80,37
-5,52 -79,57 -31,56 -62,04 29,95 -9,54 58,68 50,39 -24,00 5,17 -28,72 11,28 19,43 -78,96 -51,99 -68,36 24,89 -35,25 45,41 -22,66
-30,29 10,46 -72,26 27,30 76,60 37,91 72,98 -19,48 -1,40 90,58 88,10 -78,43 55,28 37,37 5,35 29,50 -69,40 -62,38 78,76 65,28
80,32 95,30 -30,08 -33,82 -87,24 -3,26 -62,57 -26,71 -57,50 -81,67 2,38 -71,90 -91,27 -46,06 -80,50 12,39 6,63 14,89 -47,49 -34,35
-42,30 69,15 -21,71 57,98 52,55 -2,69 54,63 -63,22 20,40 -13,46 -7,38 84,21 38,11 64,57 -38,83 -16,97 -57,69 63,41 -38,78 76,59
10,76 69,23 59,85 -37,99 77,24 60,75 95,10 -51,56 68,36 -22,81 -88,95 -14,66 -56,53 -44,68 94,69 -26,42 80,52 -88,69 -91,81 10,03
-46,16 -91,07 90,86 -48,09 91,53 -82,19 -99,11 -23,63 32,01 -77,17 12,48 66,02 -12,86 -48,32 98,35 -84,20 7,02 -70,38 62,49 -72,30
-86,82 -18,93 -18,05 53,86 -56,22 0,69 74,66 -31,19 43,95 -24,08 -65,42 -61,34 -21,91 57,56 -79,77 71,22 59,96 -71,80 -30,43 -8,61