-38,70 -98,34 -7,44 -45,01 59,03 -43,28 19,59 35,25 -43,20 -23,65 84,88 -42,03 30,24 93,73 -44,21 35,70 5,59 99,92 -8,23 -14,10
-57,58 -11,35 70,43 31,81 -12,04 19,44 4,80 59,33 53,24 34,74 35,59 -43,74 38,05 -62,61 -80,34 48,83 -83,45 85,27 19,98 39,46
34,36 40,01 60,41 51,09 84,85 87,36 65,09 40,96 27,76 -33,65 93,17 -60,04 77,49 -95,18 46,56 52,19 -91,06 -88,21 -35,73 -97,56
99,53 -22,84 -25,76 37,47 -21,00 -96,59 1,40 22,34 43,83 2,57 -91,50 61,93 12,48 38,30 89,03 19,76 -31,28 42,49 90,25 15,72
32,48 -12,02 78,06 -46,75 65,58 57,97 -20,41 3,36 52,77 13,49 92,46 43,12 29,41 92,16 6,96 98,71 89,66 -96,07 52,35 65,22
-16,37 31,72 90,53 79,66 81,04 19,33 54,59 -47,12 -51,90 25,92 98,36 -67,71 -42,80 -79,94 -76,16 83,61 77,11 -92,56 76,67 97,84
98,87 -27,27 15,09 57,37 21,67 46,14 28,10 74,79 -72,47 84,70 -15,87 52,92 63,65 -36,14 63,29 9,29 -93,79 73,15 -70,35 38,82
-78,33 -37,42 -73,79 -11,98 -81,02 -77,20 -51,47 -68,19 -95,17 17,73 -92,97 84,82 0,31 87,64 -17,67 69,04 29,12 36,41 -75,71 36,35
-73,80 94,88 -37,64 -35,80 -41,13 -77,09 6,83 88,56 53,77 61,15 38,72 64,90 -44,71 12,30 38,92 -52,83 4,22 -21,02 62,36 -17,58
-68,59 49,91 -4,99 67,20 -56,86 -18,65 31,80 79,00 -65,04 73,45 -64,10 -74,44 -17,61 -16,78 -73,42 -25,92 96,19 -56,32 -32,64 17,62
-22,26 0,89 45,74 63,31 43,81 -57,40 -39,50 -20,82 97,95 -78,80 -59,95 62,50 -46,75 -37,00 62,09 -50,33 -67,91 96,07 90,72 84,13
85,20 -1,88 -34,81 10,22 72,15 67,38 33,06 -16,50 9,75 -69,01 -22,13 42,72 33,00 13,65 -14,95 -87,26 17,17 -51,25 99,98 -96,60
-10,97 18,86 41,19 -89,74 53,39 50,08 -86,66 -37,46 -80,24 61,99 -60,79 -69,74 -64,83 48,90 39,99 73,07 92,23 -76,52 -6,93 -41,79
-60,12 -5,12 12,72 -21,66 -28,70 51,57 68,13 96,64 -66,76 -26,16 68,97 60,86 -86,04 -46,04 -33,99 35,50 58,16 -27,81 -28,06 -93,43
93,88 14,66 36,01 12,53 -46,47 28,82 88,96 78,73 0,61 -54,73 77,20 -99,79 -79,79 58,31 -90,81 -98,65 75,62 28,41 -91,98 92,31
54,57 88,02 -23,85 93,78 93,16 20,34 43,18 -23,31 -51,41 -86,88 64,65 73,34 -67,14 80,25 92,72 49,26 1,04 34,63 4,86 -0,98
46,65 -67,33 67,29 -13,41 45,45 -78,84 -30,39 -86,98 22,74 1,37 47,30 51,05 -6,48 -55,03 89,70 -86,20 60,63 -40,58 -86,20 -98,63
-24,45 87,45 53,36 36,46 -73,73 -0,43 -97,72 -70,44 -49,17 -0,32 85,77 59,87 -58,66 82,07 -56,56 -71,51 -21,25 -36,42 76,89 -9,99
70,11 -28,37 -20,80 60,53 16,65 -80,73 80,87 -98,50 14,16 87,35 -62,71 88,95 13,12 36,01 -10,69 60,77 63,40 -0,13 -87,50 99,13
-98,39 -37,57 31,57 91,55 -56,98 1,15 -96,87 89,12 -30,42 -29,01 7,82 19,49 -46,52 -29,05 -93,81 36,06 -17,95 -42,53 69,49 42,48