-77,81 -20,43 -13,06 5,20 6,23 -76,30 -69,56 -17,67 55,47 58,61 64,86 49,98 -17,77 -64,66 58,49 67,29 86,60 97,82 -46,53 -29,09
-92,82 47,12 83,80 15,44 -31,44 -90,93 -31,58 60,52 -43,81 13,66 -26,03 96,03 5,95 -54,45 -87,30 63,57 62,86 -7,98 -0,61 -43,70
53,54 -69,90 -11,08 -3,76 -8,85 94,20 -98,94 96,31 33,43 -44,06 -88,54 33,57 82,42 38,49 63,85 65,49 98,78 82,19 81,20 -61,06
-65,26 18,13 -71,16 -77,83 58,07 -86,18 33,49 53,75 34,01 -88,67 -47,62 45,05 62,44 -38,34 30,83 47,92 17,70 44,10 66,86 17,18
-23,45 52,12 72,98 -11,15 23,05 48,49 24,22 -30,68 -47,56 29,53 -61,11 -41,08 70,34 97,94 93,15 -70,13 36,22 -19,88 -60,43 -22,93
9,51 44,73 -56,64 98,76 -34,50 -18,18 12,02 -27,43 91,31 83,73 -1,57 -86,72 16,03 48,20 8,20 65,14 -2,89 -64,37 -50,81 -81,76
82,20 -6,13 56,75 -43,19 39,64 -92,08 20,90 -55,94 -55,95 19,95 73,92 30,72 -46,23 -2,64 -64,04 75,28 -52,66 -80,67 72,39 -28,11
-90,93 35,41 54,29 23,72 84,83 -72,77 70,24 51,57 -26,14 -35,28 -57,51 -41,18 -72,16 47,14 -52,32 87,11 -40,41 -46,16 49,10 87,83
-28,04 -99,11 -19,69 95,83 17,43 11,82 -29,34 27,54 -8,10 -81,76 -65,67 61,11 -63,42 -21,20 13,30 51,06 -88,29 -80,38 -55,97 11,11
-16,81 -15,66 8,91 58,01 -86,41 96,17 -64,82 59,03 -14,43 -76,06 -72,22 80,76 81,37 90,78 42,95 86,85 -14,95 55,99 36,02 3,87
-74,90 20,04 -96,17 0,09 -62,18 -69,49 -18,91 52,01 -26,35 -48,04 97,88 55,56 -44,85 82,73 23,17 -18,27 -6,34 -96,85 9,90 -6,88
-77,73 40,65 -9,02 -86,01 -28,49 -40,12 86,70 49,71 51,21 -30,16 -38,47 5,17 82,17 -28,31 28,99 -75,98 -61,10 53,85 22,08 -88,56
-3,86 -15,24 -31,55 -86,86 -51,96 -71,96 52,78 4,56 -5,27 81,70 -51,45 40,02 22,14 30,70 83,69 73,60 -1,23 -43,52 -44,64 99,80
-67,34 -22,97 18,22 -91,93 34,56 39,36 14,23 31,04 93,45 -27,40 -82,01 75,07 78,46 -84,68 4,36 -26,30 89,01 43,89 -23,35 -88,20
-7,40 95,55 -95,07 -22,01 87,44 47,72 -14,10 -80,19 50,66 -87,61 77,01 -87,56 13,47 -78,01 57,39 65,03 -0,69 -55,82 46,93 67,79
13,36 29,71 -30,07 -0,81 -82,79 58,42 37,14 -56,71 -81,27 95,29 -41,96 31,21 66,00 38,67 -3,63 -39,46 99,36 -30,55 -53,54 23,13
-35,23 14,23 90,31 64,05 -7,93 -58,98 22,10 96,42 78,25 51,66 57,67 79,82 65,70 34,05 -57,08 22,47 45,59 -68,75 2,57 -4,89
-9,45 47,16 -60,14 -89,66 95,60 -87,44 81,36 -95,10 31,50 -92,82 -23,93 -20,89 11,31 63,11 -44,58 -50,72 -40,71 -49,04 -8,37 23,81
-37,65 99,40 -43,57 -2,73 63,74 -61,22 -54,04 60,37 -95,47 -70,71 -18,04 33,34 -75,99 59,26 92,35 10,22 -84,21 96,98 -80,62 -24,71
90,85 -62,18 -29,21 6,02 48,06 -81,86 -60,45 -65,54 89,58 99,88 73,38 3,60 80,59 -49,85 -85,74 -85,48 -82,21 32,69 47,14 3,85